ant-1.3.csv
Smote & Bagging 0.6491636363636365
Smote 0.5177454545454546
Bagging 0.563369696969697
Normal 0.5362424242424242
|  0   |  1   |  2   |  3   |
|0.29  |0.35  |0.86  |2.43  |

|  0   |  1   |  2   |  3   |
|0.26  |0.99  |1.98  |2.75  |

|  0   |  1   |  2   |  3   |
|0.37  |0.86  |1.24  |2.47  |

|  0   |  1   |  2   |  3   |
|0.27  |0.93  |1.88  |2.70  |

ant-1.4.csv
Smote & Bagging 0.6308152043987582
Smote 0.5829667702605782
Bagging 0.5979321061439165
Normal 0.5803370786516854
|  0   |  1   |  2   |  3   |
|0.24  |0.57  |1.33  |2.10  |

|  0   |  1   |  2   |  3   |
|0.24  |0.67  |1.67  |2.80  |

|  0   |  1   |  2   |  3   |
|0.31  |0.63  |1.33  |2.35  |

|  0   |  1   |  2   |  3   |
|0.27  |0.65  |1.80  |2.80  |

ant-1.5.csv
Smote & Bagging 0.6493807898586049
Smote 0.6153876157971726
Bagging 0.6189858605558266
Normal 0.6114773281326181
|  0   |  1   |  2   |
|0.08  |0.60  |1.60  |

|  0   |  1   |  2   |
|0.09  |0.58  |1.67  |

|  0   |  1   |  2   |
|0.15  |0.70  |1.50  |

|  0   |  1   |  2   |
|0.09  |0.67  |1.70  |

ant-1.6.csv
Smote & Bagging 0.7723429951690817
Smote 0.7641706924315619
Bagging 0.7055060076799212
Normal 0.7444274123621952
|  0   |  1   |  2   |  3   |  4   |  5   |  6   |  7   |  8   |
|0.29  |0.58  |1.13  |1.42  |2.60  |2.10  |1.15  |2.90  |7.60  |

|  0   |  1   |  2   |  3   |  4   |  5   |  6   |  7   |  8   |
|0.23  |0.77  |1.12  |1.63  |2.50  |2.10  |0.80  |2.50  |8.40  |

|  0   |  1   |  2   |  3   |  4   |  5   |  6   |  7   |  8   |
|0.34  |0.83  |1.42  |1.71  |2.20  |1.80  |2.45  |5.70  |7.30  |

|  0   |  1   |  2   |  3   |  4   |  5   |  6   |  7   |  8   |
|0.24  |0.81  |1.15  |1.85  |2.55  |3.00  |2.60  |3.90  |8.50  |

ant-1.7.csv
Smote & Bagging 0.7737583892617452
Smote 0.7377792780270839
Bagging 0.7129502402605143
Normal 0.728199833207577
|  0   |  1   |  2   |  3   |  4   |  5   |  6   |  7   |  8   |  9   |
|0.27  |0.70  |1.25  |1.81  |2.21  |1.85  |3.85  |6.00  |4.35  |7.70  |

|  0   |  1   |  2   |  3   |  4   |  5   |  6   |  7   |  8   |  9   |
|0.29  |0.89  |1.69  |2.10  |2.18  |2.50  |3.85  |6.00  |3.90  |4.90  |

|  0   |  1   |  2   |  3   |  4   |  5   |  6   |  7   |  8   |  9   |
|0.34  |0.97  |1.51  |1.99  |2.47  |1.75  |4.00  |6.30  |4.35  |7.60  |

|  0   |  1   |  2   |  3   |  4   |  5   |  6   |  7   |  8   |  9   |
|0.30  |0.92  |1.72  |2.12  |2.27  |2.45  |3.95  |6.00  |4.10  |4.70  |

ivy-1.1.csv
Smote & Bagging 0.7384294165410045
Smote 0.739368982716622
Bagging 0.7136449754475507
Normal 0.7075319955148283
|  0   |  1   |  2   |  3   |  4   |  5   |  6   |  7   |  8   |  9   | 10   | 11   |
|1.07  |0.80  |1.81  |1.96  |1.73  |3.45  |2.97  |6.00  |6.30  |6.90  |13.90 |24.00 |

|  0   |  1   |  2   |  3   |  4   |  5   |  6   |  7   |  8   |  9   | 10   | 11   |
|1.07  |0.78  |1.82  |2.01  |1.76  |3.50  |3.00  |6.00  |6.10  |6.60  |14.40 |24.00 |

|  0   |  1   |  2   |  3   |  4   |  5   |  6   |  7   |  8   |  9   | 10   | 11   |
|1.07  |0.86  |1.87  |2.04  |1.90  |4.30  |2.83  |6.00  |10.00 |11.30 |16.50 |24.00 |

|  0   |  1   |  2   |  3   |  4   |  5   |  6   |  7   |  8   |  9   | 10   | 11   |
|1.06  |0.89  |1.86  |2.06  |2.04  |3.40  |2.83  |6.00  |11.70 |11.30 |18.10 |24.00 |

ivy-1.4.csv
Smote & Bagging 0.5366528354080227
Smote 0.5632319041032744
Bagging 0.5382434301521448
Normal 0.5635315813739056
|  0   |  1   |  2   |
|0.10  |0.88  |3.00  |

|  0   |  1   |  2   |
|0.05  |0.87  |3.00  |

|  0   |  1   |  2   |
|0.12  |0.85  |2.80  |

|  0   |  1   |  2   |
|0.07  |0.89  |2.90  |

ivy-2.0.csv
Smote & Bagging 0.6682325487012983
Smote 0.599959415584417
Bagging 0.6229048295454543
Normal 0.5979859983766245
|  0   |  1   |  2   |  3   |
|0.11  |0.81  |1.46  |2.12  |

|  0   |  1   |  2   |  3   |
|0.14  |0.94  |1.88  |1.70  |

|  0   |  1   |  2   |  3   |
|0.18  |0.82  |1.54  |1.93  |

|  0   |  1   |  2   |  3   |
|0.16  |0.93  |1.88  |1.48  |

jedit-3.2.csv
Smote & Bagging 0.828467623960579
Smote 0.6615597089621184
Bagging 0.7419531490606716
Normal 0.6505793809670464
|  0   |  1   |  2   |  3   |  4   |  5   |  6   |  7   |  8   |  9   | 10   | 11   | 12   | 13   | 14   | 15   |
|0.93  |0.95  |1.61  |1.28  |2.51  |4.64  |3.33  |0.90  |4.30  |4.80  |7.10  |14.00 |7.00  |15.20 |4.00  |34.90 |

|  0   |  1   |  2   |  3   |  4   |  5   |  6   |  7   |  8   |  9   | 10   | 11   | 12   | 13   | 14   | 15   |
|1.09  |1.20  |1.72  |1.90  |3.74  |4.47  |4.40  |0.20  |5.77  |8.15  |4.60  |16.60 |3.70  |23.00 |6.00  |45.00 |

|  0   |  1   |  2   |  3   |  4   |  5   |  6   |  7   |  8   |  9   | 10   | 11   | 12   | 13   | 14   | 15   |
|0.93  |1.52  |1.74  |1.78  |3.36  |5.97  |3.30  |3.30  |5.93  |5.95  |8.00  |14.30 |6.40  |17.30 |5.10  |34.40 |

|  0   |  1   |  2   |  3   |  4   |  5   |  6   |  7   |  8   |  9   | 10   | 11   | 12   | 13   | 14   | 15   |
|1.06  |1.20  |1.92  |1.83  |3.72  |4.47  |4.65  |1.10  |6.07  |8.40  |5.90  |16.80 |2.60  |23.00 |9.20  |45.00 |

jedit-4.0.csv
Smote & Bagging 0.8106035629591064
Smote 0.7649039851928982
Bagging 0.766322517207473
Normal 0.7553878188443519
|  0   |  1   |  2   |  3   |  4   |  5   |  6   |  7   |  8   |  9   | 10   | 11   | 12   |
|0.50  |1.01  |1.46  |1.88  |1.50  |3.00  |3.70  |6.00  |4.40  |3.20  |2.30  |1.60  |13.30 |

|  0   |  1   |  2   |  3   |  4   |  5   |  6   |  7   |  8   |  9   | 10   | 11   | 12   |
|0.40  |1.31  |2.24  |2.17  |3.00  |3.00  |5.45  |6.35  |7.70  |6.10  |1.00  |2.20  |14.00 |

|  0   |  1   |  2   |  3   |  4   |  5   |  6   |  7   |  8   |  9   | 10   | 11   | 12   |
|0.55  |1.13  |1.74  |2.11  |2.07  |2.60  |4.05  |5.90  |6.25  |4.60  |5.80  |2.90  |15.00 |

|  0   |  1   |  2   |  3   |  4   |  5   |  6   |  7   |  8   |  9   | 10   | 11   | 12   |
|0.39  |1.36  |2.34  |2.62  |3.13  |3.00  |5.50  |6.30  |7.85  |5.30  |1.00  |3.70  |14.00 |

jedit-4.1.csv
Smote & Bagging 0.7780603804797385
Smote 0.7554693961952066
Bagging 0.7151571546732867
Normal 0.7311414392059591
|  0   |  1   |  2   |  3   |  4   |  5   |  6   |  7   |  8   |  9   | 10   | 11   | 12   |
|0.47  |0.81  |1.81  |1.70  |1.73  |3.10  |6.30  |4.85  |2.80  |8.30  |5.50  |7.50  |12.00 |

|  0   |  1   |  2   |  3   |  4   |  5   |  6   |  7   |  8   |  9   | 10   | 11   | 12   |
|0.45  |1.21  |2.44  |2.43  |1.67  |3.17  |9.00  |5.00  |1.90  |8.20  |6.00  |7.50  |8.90  |

|  0   |  1   |  2   |  3   |  4   |  5   |  6   |  7   |  8   |  9   | 10   | 11   | 12   |
|0.54  |1.08  |2.10  |2.04  |2.17  |3.20  |7.10  |4.75  |2.70  |8.70  |5.30  |7.70  |14.20 |

|  0   |  1   |  2   |  3   |  4   |  5   |  6   |  7   |  8   |  9   | 10   | 11   | 12   |
|0.44  |1.29  |2.66  |2.68  |1.90  |3.00  |7.20  |4.85  |2.10  |8.40  |5.60  |7.50  |9.30  |

jedit-4.2.csv
Smote & Bagging 0.7898591332065183
Smote 0.7448305999691537
Bagging 0.7431288879749116
Normal 0.7374582283687221
|  0   |  1   |  2   |  3   |  4   |  5   |  6   |  7   |  8   |
|0.20  |0.77  |1.30  |2.18  |1.45  |3.75  |1.00  |5.10  |6.00  |

|  0   |  1   |  2   |  3   |  4   |  5   |  6   |  7   |  8   |
|0.20  |0.86  |1.67  |2.48  |1.85  |3.75  |1.50  |6.00  |6.90  |

|  0   |  1   |  2   |  3   |  4   |  5   |  6   |  7   |  8   |
|0.23  |0.97  |1.26  |2.44  |1.30  |3.95  |1.10  |6.40  |5.70  |

|  0   |  1   |  2   |  3   |  4   |  5   |  6   |  7   |  8   |
|0.22  |0.81  |1.61  |2.66  |1.95  |3.90  |2.30  |6.00  |6.60  |

jedit-4.3.csv
Smote & Bagging 0.651727642276425
Smote 0.6292682926829315
Bagging 0.6645833333333353
Normal 0.6287940379403841
|  0   |  1   |  2   |
|0.03  |1.00  |2.00  |

|  0   |  1   |  2   |
|0.01  |1.00  |2.00  |

|  0   |  1   |  2   |
|0.05  |0.94  |1.90  |

|  0   |  1   |  2   |
|0.01  |1.00  |2.00  |

synapse-1.0.csv
Smote & Bagging 0.6852289960570208
Smote 0.6561419472247494
Bagging 0.6534121929026389
Normal 0.6808310585380648
|  0   |  1   |  2   |  3   |
|0.14  |0.79  |1.15  |3.40  |

|  0   |  1   |  2   |  3   |
|0.10  |0.88  |1.50  |3.00  |

|  0   |  1   |  2   |  3   |
|0.19  |0.90  |1.45  |3.10  |

|  0   |  1   |  2   |  3   |
|0.11  |0.85  |1.25  |2.80  |

synapse-1.1.csv
Smote & Bagging 0.6767130767130786
Smote 0.7009100009100013
Bagging 0.6411957411957439
Normal 0.6846710346710352
|  0   |  1   |  2   |  3   |  4   |  5   |  6   |
|0.34  |0.55  |1.18  |1.71  |1.10  |4.70  |4.30  |

|  0   |  1   |  2   |  3   |  4   |  5   |  6   |
|0.37  |0.68  |1.32  |1.56  |2.15  |4.00  |3.00  |

|  0   |  1   |  2   |  3   |  4   |  5   |  6   |
|0.39  |0.69  |1.29  |1.71  |2.45  |4.80  |4.80  |

|  0   |  1   |  2   |  3   |  4   |  5   |  6   |
|0.39  |0.73  |1.32  |1.83  |2.55  |4.00  |3.10  |

synapse-1.2.csv
Smote & Bagging 0.6831681034482762
Smote 0.6571390086206894
Bagging 0.6591271551724138
Normal 0.6573572198275863
|  0   |  1   |  2   |  3   |  4   |  5   |  6   |
|0.38  |0.57  |1.19  |2.80  |2.95  |3.00  |7.10  |

|  0   |  1   |  2   |  3   |  4   |  5   |  6   |
|0.35  |0.88  |1.44  |2.98  |2.97  |3.00  |5.70  |

|  0   |  1   |  2   |  3   |  4   |  5   |  6   |
|0.41  |0.84  |1.26  |3.12  |3.07  |3.10  |7.00  |

|  0   |  1   |  2   |  3   |  4   |  5   |  6   |
|0.36  |0.90  |1.45  |3.37  |2.92  |3.40  |5.40  |
