ant-1.3.csv
Smote & Bagging 0.5693818181818189
Smote 0.4358787878787879
Bagging 0.5855757575757577
Normal 0.4358787878787879
|  0   |  1   |  2   |  3   |
|0.11  |0.63  |1.44  |2.75  |

|  0   |  1   |  2   |  3   |
|0.02  |0.91  |2.00  |3.00  |

|  0   |  1   |  2   |  3   |
|0.11  |0.55  |1.50  |2.67  |

|  0   |  1   |  2   |  3   |
|0.02  |0.91  |2.00  |3.00  |

ant-1.4.csv
Smote & Bagging 0.5199497967965563
Smote 0.4956968682763557
Bagging 0.5280540282094182
Normal 0.4956968682763557
|  0   |  1   |  2   |  3   |
|0.04  |0.91  |2.00  |3.00  |

|  0   |  1   |  2   |  3   |
|0.00  |1.00  |2.00  |3.00  |

|  0   |  1   |  2   |  3   |
|0.04  |0.92  |1.93  |3.00  |

|  0   |  1   |  2   |  3   |
|0.00  |1.00  |2.00  |3.00  |

ant-1.5.csv
Smote & Bagging 0.5813749390541232
Smote 0.5023890784982943
Bagging 0.5802925402242826
Normal 0.5023890784982943
|  0   |  1   |  2   |
|0.05  |0.72  |1.67  |

|  0   |  1   |  2   |
|0.02  |1.00  |2.00  |

|  0   |  1   |  2   |
|0.05  |0.73  |1.57  |

|  0   |  1   |  2   |
|0.02  |1.00  |2.00  |

ant-1.6.csv
Smote & Bagging 0.7907902886163741
Smote 0.7543044716957759
Bagging 0.7884801189149014
Normal 0.7543044716957759
|  0   |  1   |  2   |  3   |  4   |  5   |  6   |  7   |  8   |
|0.20  |0.66  |1.11  |1.65  |2.50  |5.60  |1.70  |5.00  |7.00  |

|  0   |  1   |  2   |  3   |  4   |  5   |  6   |  7   |  8   |
|0.12  |0.70  |1.14  |2.00  |3.00  |3.00  |2.00  |6.00  |8.00  |

|  0   |  1   |  2   |  3   |  4   |  5   |  6   |  7   |  8   |
|0.20  |0.67  |1.11  |1.66  |2.50  |5.80  |1.70  |5.10  |7.00  |

|  0   |  1   |  2   |  3   |  4   |  5   |  6   |  7   |  8   |
|0.12  |0.70  |1.14  |2.00  |3.00  |3.00  |2.00  |6.00  |8.00  |

ant-1.7.csv
Smote & Bagging 0.7817699853063819
Smote 0.7486795599857036
Bagging 0.7844227790794651
Normal 0.7486795599857036
|  0   |  1   |  2   |  3   |  4   |  5   |  6   |  7   |  8   |  9   |
|0.13  |0.72  |1.02  |1.98  |2.34  |2.25  |2.87  |6.00  |4.00  |7.00  |

|  0   |  1   |  2   |  3   |  4   |  5   |  6   |  7   |  8   |  9   |
|0.09  |0.82  |1.23  |2.19  |2.67  |2.50  |3.25  |6.00  |5.00  |6.00  |

|  0   |  1   |  2   |  3   |  4   |  5   |  6   |  7   |  8   |  9   |
|0.13  |0.70  |1.02  |1.96  |2.34  |2.23  |2.85  |6.00  |4.10  |6.80  |

|  0   |  1   |  2   |  3   |  4   |  5   |  6   |  7   |  8   |  9   |
|0.09  |0.82  |1.23  |2.19  |2.67  |2.50  |3.25  |6.00  |5.00  |6.00  |

ivy-1.1.csv
Smote & Bagging 0.783938444882651
Smote 0.783938444882651
Bagging 0.783938444882651
Normal 0.783938444882651
|  0   |  1   |  2   |  3   |  4   |  5   |  6   |  7   |  8   |  9   | 10   | 11   |
|0.50  |0.76  |1.44  |1.37  |2.14  |1.00  |4.67  |3.50  |4.00  |11.00 |7.00  |4.00  |

|  0   |  1   |  2   |  3   |  4   |  5   |  6   |  7   |  8   |  9   | 10   | 11   |
|0.50  |0.76  |1.44  |1.37  |2.14  |1.00  |4.67  |3.50  |4.00  |11.00 |7.00  |4.00  |

|  0   |  1   |  2   |  3   |  4   |  5   |  6   |  7   |  8   |  9   | 10   | 11   |
|0.50  |0.76  |1.44  |1.37  |2.14  |1.00  |4.67  |3.50  |4.00  |11.00 |7.00  |4.00  |

|  0   |  1   |  2   |  3   |  4   |  5   |  6   |  7   |  8   |  9   | 10   | 11   |
|0.50  |0.76  |1.44  |1.37  |2.14  |1.00  |4.67  |3.50  |4.00  |11.00 |7.00  |4.00  |

ivy-1.4.csv
Smote & Bagging 0.4151221761180272
Smote 0.37413554633471585
Bagging 0.41290917473490135
Normal 0.37413554633471585
|  0   |  1   |  2   |
|0.04  |1.01  |7.60  |

|  0   |  1   |  2   |
|0.00  |1.00  |4.00  |

|  0   |  1   |  2   |
|0.04  |1.03  |8.20  |

|  0   |  1   |  2   |
|0.00  |1.00  |4.00  |

ivy-2.0.csv
Smote & Bagging 0.6620028409090886
Smote 0.5658989448051966
Bagging 0.668110795454545
Normal 0.5658989448051966
|  0   |  1   |  2   |  3   |
|0.07  |0.79  |1.37  |1.92  |

|  0   |  1   |  2   |  3   |
|0.02  |0.96  |1.75  |2.50  |

|  0   |  1   |  2   |  3   |
|0.07  |0.82  |1.37  |1.75  |

|  0   |  1   |  2   |  3   |
|0.02  |0.96  |1.75  |2.50  |

jedit-3.2.csv
Smote & Bagging 0.8409474129966131
Smote 0.8295734524176173
Bagging 0.8359004465660613
Normal 0.8295734524176173
|  0   |  1   |  2   |  3   |  4   |  5   |  6   |  7   |  8   |  9   | 10   | 11   | 12   | 13   | 14   | 15   |
|0.87  |0.81  |1.53  |1.91  |1.71  |3.50  |2.50  |1.00  |2.30  |3.80  |8.00  |15.00 |10.00 |5.00  |2.00  |12.80 |

|  0   |  1   |  2   |  3   |  4   |  5   |  6   |  7   |  8   |  9   | 10   | 11   | 12   | 13   | 14   | 15   |
|0.82  |0.84  |1.47  |2.25  |1.80  |3.29  |2.50  |2.00  |2.67  |4.50  |9.00  |16.00 |11.00 |6.00  |2.00  |16.00 |

|  0   |  1   |  2   |  3   |  4   |  5   |  6   |  7   |  8   |  9   | 10   | 11   | 12   | 13   | 14   | 15   |
|0.88  |0.80  |1.52  |1.96  |1.70  |3.47  |2.50  |1.20  |2.23  |3.70  |8.20  |15.50 |10.10 |5.20  |1.70  |12.60 |

|  0   |  1   |  2   |  3   |  4   |  5   |  6   |  7   |  8   |  9   | 10   | 11   | 12   | 13   | 14   | 15   |
|0.82  |0.84  |1.47  |2.25  |1.80  |3.29  |2.50  |2.00  |2.67  |4.50  |9.00  |16.00 |11.00 |6.00  |2.00  |16.00 |

jedit-4.0.csv
Smote & Bagging 0.805312626525535
Smote 0.8058447567817669
Bagging 0.8065735438718257
Normal 0.8058447567817669
|  0   |  1   |  2   |  3   |  4   |  5   |  6   |  7   |  8   |  9   | 10   | 11   | 12   |
|0.37  |0.76  |1.31  |2.06  |2.33  |2.00  |4.00  |6.00  |6.85  |6.00  |3.00  |0.00  |5.60  |

|  0   |  1   |  2   |  3   |  4   |  5   |  6   |  7   |  8   |  9   | 10   | 11   | 12   |
|0.29  |0.86  |1.56  |2.22  |3.33  |2.00  |5.00  |6.50  |7.00  |8.00  |2.00  |2.00  |4.00  |

|  0   |  1   |  2   |  3   |  4   |  5   |  6   |  7   |  8   |  9   | 10   | 11   | 12   |
|0.38  |0.77  |1.29  |2.01  |2.30  |2.50  |4.05  |5.85  |6.85  |6.30  |2.50  |0.30  |5.80  |

|  0   |  1   |  2   |  3   |  4   |  5   |  6   |  7   |  8   |  9   | 10   | 11   | 12   |
|0.29  |0.86  |1.56  |2.22  |3.33  |2.00  |5.00  |6.50  |7.00  |8.00  |2.00  |2.00  |4.00  |

jedit-4.1.csv
Smote & Bagging 0.8032464846981002
Smote 0.8051961479380865
Bagging 0.7960637480798798
Normal 0.8051961479380865
|  0   |  1   |  2   |  3   |  4   |  5   |  6   |  7   |  8   |  9   | 10   | 11   | 12   |
|0.23  |0.81  |1.22  |1.59  |2.24  |3.20  |1.00  |4.85  |3.00  |9.00  |2.20  |4.00  |7.00  |

|  0   |  1   |  2   |  3   |  4   |  5   |  6   |  7   |  8   |  9   | 10   | 11   | 12   |
|0.16  |0.92  |1.50  |1.90  |2.71  |3.33  |1.00  |4.50  |3.00  |9.00  |2.00  |4.00  |7.00  |

|  0   |  1   |  2   |  3   |  4   |  5   |  6   |  7   |  8   |  9   | 10   | 11   | 12   |
|0.24  |0.80  |1.24  |1.58  |2.24  |3.03  |1.20  |4.90  |3.00  |9.00  |2.40  |4.30  |6.90  |

|  0   |  1   |  2   |  3   |  4   |  5   |  6   |  7   |  8   |  9   | 10   | 11   | 12   |
|0.16  |0.92  |1.50  |1.90  |2.71  |3.33  |1.00  |4.50  |3.00  |9.00  |2.00  |4.00  |7.00  |

jedit-4.2.csv
Smote & Bagging 0.8009870957791365
Smote 0.7512981337720432
Bagging 0.8042979795383269
Normal 0.7512981337720432
|  0   |  1   |  2   |  3   |  4   |  5   |  6   |  7   |  8   |
|0.16  |0.77  |1.67  |1.62  |2.00  |5.95  |2.00  |4.00  |7.00  |

|  0   |  1   |  2   |  3   |  4   |  5   |  6   |  7   |  8   |
|0.05  |0.85  |1.78  |2.00  |3.00  |4.50  |2.00  |3.00  |7.00  |

|  0   |  1   |  2   |  3   |  4   |  5   |  6   |  7   |  8   |
|0.16  |0.79  |1.59  |1.58  |2.05  |5.65  |2.00  |4.00  |7.00  |

|  0   |  1   |  2   |  3   |  4   |  5   |  6   |  7   |  8   |
|0.05  |0.85  |1.78  |2.00  |3.00  |4.50  |2.00  |3.00  |7.00  |

jedit-4.3.csv
Smote & Bagging 0.6453252032520342
Smote 0.6365176151761558
Bagging 0.6507452574525768
Normal 0.6365176151761558
|  0   |  1   |  2   |
|0.06  |0.90  |2.00  |

|  0   |  1   |  2   |
|0.00  |1.00  |2.00  |

|  0   |  1   |  2   |
|0.06  |0.90  |2.00  |

|  0   |  1   |  2   |
|0.00  |1.00  |2.00  |

synapse-1.0.csv
Smote & Bagging 0.6115256293600235
Smote 0.47073096754625593
Bagging 0.6707916287534117
Normal 0.47073096754625593
|  0   |  1   |  2   |  3   |
|0.10  |0.82  |1.50  |4.00  |

|  0   |  1   |  2   |  3   |
|0.00  |1.00  |2.00  |4.00  |

|  0   |  1   |  2   |  3   |
|0.10  |0.82  |1.55  |3.60  |

|  0   |  1   |  2   |  3   |
|0.00  |1.00  |2.00  |4.00  |

synapse-1.1.csv
Smote & Bagging 0.6869323869323877
Smote 0.6617071617071648
Bagging 0.6836017836017845
Normal 0.6617071617071648
|  0   |  1   |  2   |  3   |  4   |  5   |  6   |
|0.17  |0.70  |1.02  |2.00  |1.70  |5.00  |5.00  |

|  0   |  1   |  2   |  3   |  4   |  5   |  6   |
|0.06  |0.93  |1.56  |2.14  |2.00  |5.00  |5.00  |

|  0   |  1   |  2   |  3   |  4   |  5   |  6   |
|0.17  |0.70  |1.09  |1.97  |1.70  |5.00  |4.90  |

|  0   |  1   |  2   |  3   |  4   |  5   |  6   |
|0.06  |0.93  |1.56  |2.14  |2.00  |5.00  |5.00  |

synapse-1.2.csv
Smote & Bagging 0.6554876077586214
Smote 0.656546336206896
Bagging 0.6631061422413798
Normal 0.656546336206896
|  0   |  1   |  2   |  3   |  4   |  5   |  6   |
|0.13  |0.65  |1.36  |1.47  |3.75  |4.00  |8.00  |

|  0   |  1   |  2   |  3   |  4   |  5   |  6   |
|0.08  |0.75  |1.55  |2.00  |3.75  |4.00  |8.00  |

|  0   |  1   |  2   |  3   |  4   |  5   |  6   |
|0.12  |0.64  |1.37  |1.53  |3.73  |4.00  |7.90  |

|  0   |  1   |  2   |  3   |  4   |  5   |  6   |
|0.08  |0.75  |1.55  |2.00  |3.75  |4.00  |8.00  |
