lucene-2.0.csv
Smote & Bagging 0.7636203597397627
Smote 0.7481247608113286
Bagging 0.7623134328358209
Normal 0.7481247608113286
|  0   |  1   |  2   |  3   |  4   |  5   |  6   |  7   |  8   |  9   | 10   | 11   | 12   |
|0.34  |0.94  |1.04  |2.00  |2.25  |3.38  |8.00  |3.00  |7.00  |5.00  |10.00 |10.00 |14.00 |

|  0   |  1   |  2   |  3   |  4   |  5   |  6   |  7   |  8   |  9   | 10   | 11   | 12   |
|0.33  |0.95  |1.09  |2.20  |2.38  |3.50  |8.00  |3.00  |7.00  |5.00  |10.00 |10.00 |14.00 |

|  0   |  1   |  2   |  3   |  4   |  5   |  6   |  7   |  8   |  9   | 10   | 11   | 12   |
|0.34  |0.92  |1.03  |2.04  |2.25  |3.38  |8.00  |3.00  |7.00  |4.95  |10.00 |10.00 |14.00 |

|  0   |  1   |  2   |  3   |  4   |  5   |  6   |  7   |  8   |  9   | 10   | 11   | 12   |
|0.33  |0.95  |1.09  |2.20  |2.38  |3.50  |8.00  |3.00  |7.00  |5.00  |10.00 |10.00 |14.00 |

lucene-2.2.csv
Smote & Bagging 0.697568894365234
Smote 0.697568894365234
Bagging 0.697568894365234
Normal 0.697568894365234
|  0   |  1   |  2   |  3   |  4   |  5   |  6   |  7   |  8   |  9   | 10   |
|0.72  |0.87  |1.19  |2.00  |2.50  |2.25  |5.00  |17.50 |3.67  |6.50  |36.00 |

|  0   |  1   |  2   |  3   |  4   |  5   |  6   |  7   |  8   |  9   | 10   |
|0.72  |0.87  |1.19  |2.00  |2.50  |2.25  |5.00  |17.50 |3.67  |6.50  |36.00 |

|  0   |  1   |  2   |  3   |  4   |  5   |  6   |  7   |  8   |  9   | 10   |
|0.72  |0.87  |1.19  |2.00  |2.50  |2.25  |5.00  |17.50 |3.67  |6.50  |36.00 |

|  0   |  1   |  2   |  3   |  4   |  5   |  6   |  7   |  8   |  9   | 10   |
|0.72  |0.87  |1.19  |2.00  |2.50  |2.25  |5.00  |17.50 |3.67  |6.50  |36.00 |

lucene-2.4.csv
Smote & Bagging 0.7027969099032021
Smote 0.7027969099032021
Bagging 0.7027969099032021
Normal 0.7027969099032021
|  0   |  1   |  2   |  3   |  4   |  5   |  6   |  7   |  8   |  9   | 10   | 11   | 12   | 13   | 14   |
|0.58  |0.71  |1.26  |1.83  |2.05  |2.76  |3.71  |4.40  |1.50  |5.00  |4.00  |10.00 |3.00  |11.00 |5.00  |

|  0   |  1   |  2   |  3   |  4   |  5   |  6   |  7   |  8   |  9   | 10   | 11   | 12   | 13   | 14   |
|0.58  |0.71  |1.26  |1.83  |2.05  |2.76  |3.71  |4.40  |1.50  |5.00  |4.00  |10.00 |3.00  |11.00 |5.00  |

|  0   |  1   |  2   |  3   |  4   |  5   |  6   |  7   |  8   |  9   | 10   | 11   | 12   | 13   | 14   |
|0.58  |0.71  |1.26  |1.83  |2.05  |2.76  |3.71  |4.40  |1.50  |5.00  |4.00  |10.00 |3.00  |11.00 |5.00  |

|  0   |  1   |  2   |  3   |  4   |  5   |  6   |  7   |  8   |  9   | 10   | 11   | 12   | 13   | 14   |
|0.58  |0.71  |1.26  |1.83  |2.05  |2.76  |3.71  |4.40  |1.50  |5.00  |4.00  |10.00 |3.00  |11.00 |5.00  |

velocity-1.4.csv
Smote & Bagging 0.5991982507288627
Smote 0.5991982507288627
Bagging 0.5991982507288627
Normal 0.5991982507288627
|  0   |  1   |  2   |  3   |  4   |  5   |
|0.41  |0.27  |1.17  |2.11  |3.00  |6.00  |

|  0   |  1   |  2   |  3   |  4   |  5   |
|0.41  |0.27  |1.17  |2.11  |3.00  |6.00  |

|  0   |  1   |  2   |  3   |  4   |  5   |
|0.41  |0.27  |1.17  |2.11  |3.00  |6.00  |

|  0   |  1   |  2   |  3   |  4   |  5   |
|0.41  |0.27  |1.17  |2.11  |3.00  |6.00  |

velocity-1.5.csv
Smote & Bagging 0.6575373408250291
Smote 0.6575373408250291
Bagging 0.6575373408250291
Normal 0.6575373408250291
|  0   |  1   |  2   |  3   |  4   |  5   |  6   |  7   |  8   |  9   | 10   |
|0.50  |0.57  |1.00  |1.40  |2.75  |5.30  |4.00  |5.33  |4.33  |6.50  |27.00 |

|  0   |  1   |  2   |  3   |  4   |  5   |  6   |  7   |  8   |  9   | 10   |
|0.50  |0.57  |1.00  |1.40  |2.75  |5.30  |4.00  |5.33  |4.33  |6.50  |27.00 |

|  0   |  1   |  2   |  3   |  4   |  5   |  6   |  7   |  8   |  9   | 10   |
|0.50  |0.57  |1.00  |1.40  |2.75  |5.30  |4.00  |5.33  |4.33  |6.50  |27.00 |

|  0   |  1   |  2   |  3   |  4   |  5   |  6   |  7   |  8   |  9   | 10   |
|0.50  |0.57  |1.00  |1.40  |2.75  |5.30  |4.00  |5.33  |4.33  |6.50  |27.00 |

velocity-1.6.csv
Smote & Bagging 0.7120133302689038
Smote 0.7188692254654121
Bagging 0.7103470466559414
Normal 0.7188692254654121
|  0   |  1   |  2   |  3   |  4   |  5   |  6   |  7   |  8   |  9   | 10   | 11   |
|0.32  |0.79  |1.47  |1.62  |3.00  |4.33  |2.67  |5.00  |4.80  |15.20 |2.80  |9.00  |

|  0   |  1   |  2   |  3   |  4   |  5   |  6   |  7   |  8   |  9   | 10   | 11   |
|0.19  |0.79  |1.56  |2.00  |3.50  |4.33  |2.67  |6.00  |5.00  |7.00  |2.00  |10.00 |

|  0   |  1   |  2   |  3   |  4   |  5   |  6   |  7   |  8   |  9   | 10   | 11   |
|0.32  |0.79  |1.48  |1.62  |3.00  |4.30  |2.63  |5.00  |4.70  |15.20 |3.60  |9.00  |

|  0   |  1   |  2   |  3   |  4   |  5   |  6   |  7   |  8   |  9   | 10   | 11   |
|0.19  |0.79  |1.56  |2.00  |3.50  |4.33  |2.67  |6.00  |5.00  |7.00  |2.00  |10.00 |
