lucene-2.0.csv
Smote & Bagging 0.7285342518178342
Smote 0.708132414848833
Bagging 0.7071775736701114
Normal 0.7101415996938386
|  0   |  1   |  2   |  3   |  4   |  5   |  6   |  7   |  8   |  9   | 10   | 11   | 12   |
|0.67  |0.65  |1.29  |2.18  |3.85  |4.12  |7.25  |2.00  |6.60  |5.35  |9.80  |6.70  |10.30 |

|  0   |  1   |  2   |  3   |  4   |  5   |  6   |  7   |  8   |  9   | 10   | 11   | 12   |
|0.71  |1.01  |2.02  |2.14  |4.19  |4.25  |6.70  |2.00  |6.00  |5.55  |12.00 |6.60  |10.30 |

|  0   |  1   |  2   |  3   |  4   |  5   |  6   |  7   |  8   |  9   | 10   | 11   | 12   |
|0.76  |1.00  |1.79  |2.54  |3.99  |3.85  |7.00  |2.20  |6.40  |8.30  |10.60 |6.70  |10.70 |

|  0   |  1   |  2   |  3   |  4   |  5   |  6   |  7   |  8   |  9   | 10   | 11   | 12   |
|0.66  |1.05  |2.24  |2.44  |4.30  |4.22  |5.55  |2.60  |6.00  |8.45  |12.00 |5.50  |10.40 |

lucene-2.2.csv
Smote & Bagging 0.683271724461656
Smote 0.6845273719415597
Bagging 0.6697852490758669
Normal 0.673390834946899
|  0   |  1   |  2   |  3   |  4   |  5   |  6   |  7   |  8   |  9   | 10   |
|0.98  |0.86  |1.39  |1.72  |3.27  |2.28  |3.45  |2.30  |6.70  |6.05  |36.00 |

|  0   |  1   |  2   |  3   |  4   |  5   |  6   |  7   |  8   |  9   | 10   |
|0.98  |0.85  |1.39  |1.67  |3.28  |2.30  |3.45  |2.60  |6.67  |5.98  |36.00 |

|  0   |  1   |  2   |  3   |  4   |  5   |  6   |  7   |  8   |  9   | 10   |
|0.99  |0.91  |1.46  |1.76  |3.27  |2.12  |3.30  |4.90  |6.67  |6.00  |36.00 |

|  0   |  1   |  2   |  3   |  4   |  5   |  6   |  7   |  8   |  9   | 10   |
|0.97  |0.97  |1.38  |1.85  |3.26  |2.38  |3.30  |5.20  |6.50  |5.83  |36.00 |

lucene-2.4.csv
Smote & Bagging 0.6770983804914373
Smote 0.6792651712583767
Bagging 0.6674529970215936
Normal 0.6696747021593445
|  0   |  1   |  2   |  3   |  4   |  5   |  6   |  7   |  8   |  9   | 10   | 11   | 12   | 13   | 14   |
|0.83  |1.05  |1.65  |2.05  |1.95  |2.19  |3.51  |3.70  |12.10 |4.30  |3.50  |9.00  |9.70  |13.20 |18.80 |

|  0   |  1   |  2   |  3   |  4   |  5   |  6   |  7   |  8   |  9   | 10   | 11   | 12   | 13   | 14   |
|0.82  |1.04  |1.65  |2.03  |1.96  |2.18  |3.49  |3.68  |12.10 |4.05  |3.50  |9.00  |9.80  |13.40 |18.50 |

|  0   |  1   |  2   |  3   |  4   |  5   |  6   |  7   |  8   |  9   | 10   | 11   | 12   | 13   | 14   |
|0.85  |1.11  |1.67  |2.13  |2.12  |2.32  |3.66  |4.08  |12.05 |4.20  |5.50  |9.60  |10.60 |13.50 |17.00 |

|  0   |  1   |  2   |  3   |  4   |  5   |  6   |  7   |  8   |  9   | 10   | 11   | 12   | 13   | 14   |
|0.84  |1.11  |1.72  |2.18  |2.10  |2.25  |3.70  |4.02  |12.25 |4.25  |4.90  |9.10  |9.70  |13.60 |17.80 |

velocity-1.4.csv
Smote & Bagging 0.6032312925170068
Smote 0.6020699708454811
Bagging 0.5963556851311954
Normal 0.5934062196307095
|  0   |  1   |  2   |  3   |  4   |  5   |
|0.84  |0.34  |0.74  |1.41  |1.33  |4.00  |

|  0   |  1   |  2   |  3   |  4   |  5   |
|0.86  |0.34  |0.75  |1.40  |1.33  |4.00  |

|  0   |  1   |  2   |  3   |  4   |  5   |
|0.85  |0.37  |0.76  |1.53  |1.43  |4.00  |

|  0   |  1   |  2   |  3   |  4   |  5   |
|0.86  |0.38  |0.80  |1.50  |1.33  |4.00  |

velocity-1.5.csv
Smote & Bagging 0.6786373775305663
Smote 0.679041138436346
Bagging 0.674616709489795
Normal 0.676245870627102
|  0   |  1   |  2   |  3   |  4   |  5   |  6   |  7   |  8   |  9   | 10   |
|0.89  |0.47  |0.86  |1.41  |2.08  |3.20  |1.00  |3.97  |0.40  |2.55  |2.00  |

|  0   |  1   |  2   |  3   |  4   |  5   |  6   |  7   |  8   |  9   | 10   |
|0.89  |0.48  |0.86  |1.37  |2.08  |3.22  |1.00  |4.03  |0.37  |2.60  |2.00  |

|  0   |  1   |  2   |  3   |  4   |  5   |  6   |  7   |  8   |  9   | 10   |
|0.90  |0.50  |0.93  |1.37  |2.35  |3.20  |1.00  |4.60  |0.47  |2.80  |2.00  |

|  0   |  1   |  2   |  3   |  4   |  5   |  6   |  7   |  8   |  9   | 10   |
|0.91  |0.50  |0.91  |1.38  |2.35  |3.03  |1.00  |4.43  |0.37  |3.00  |2.00  |

velocity-1.6.csv
Smote & Bagging 0.7517995863019997
Smote 0.7262008733624455
Bagging 0.7066007814295567
Normal 0.7120868765800965
|  0   |  1   |  2   |  3   |  4   |  5   |  6   |  7   |  8   |  9   | 10   | 11   |
|0.45  |0.51  |1.09  |1.48  |2.25  |4.23  |1.87  |4.70  |1.60  |1.30  |2.00  |10.20 |

|  0   |  1   |  2   |  3   |  4   |  5   |  6   |  7   |  8   |  9   | 10   | 11   |
|0.38  |0.91  |1.40  |1.93  |1.90  |3.63  |2.43  |4.20  |3.00  |1.10  |1.70  |10.00 |

|  0   |  1   |  2   |  3   |  4   |  5   |  6   |  7   |  8   |  9   | 10   | 11   |
|0.47  |0.72  |1.37  |1.98  |3.05  |4.00  |1.57  |3.70  |2.40  |1.90  |2.80  |9.40  |

|  0   |  1   |  2   |  3   |  4   |  5   |  6   |  7   |  8   |  9   | 10   | 11   |
|0.39  |0.98  |1.44  |2.35  |1.65  |3.63  |2.60  |4.40  |3.10  |1.60  |2.40  |10.00 |
