ant-1.3.csv
Smote & Bagging 0.607418181818182
Smote 0.6203636363636351
Bagging 0.6104727272727273
Normal 0.6203636363636351
|  0   |  1   |  2   |  3   |
|0.17  |0.73  |1.64  |2.50  |

|  0   |  1   |  2   |  3   |
|0.02  |0.82  |1.60  |2.50  |

|  0   |  1   |  2   |  3   |
|0.17  |0.68  |1.82  |2.52  |

|  0   |  1   |  2   |  3   |
|0.02  |0.82  |1.60  |2.50  |

ant-1.4.csv
Smote & Bagging 0.5577336839588802
Smote 0.4937843652880699
Bagging 0.5643676786994971
Normal 0.4937843652880699
|  0   |  1   |  2   |  3   |
|0.10  |0.89  |1.67  |3.00  |

|  0   |  1   |  2   |  3   |
|0.03  |1.00  |2.00  |3.00  |

|  0   |  1   |  2   |  3   |
|0.09  |0.88  |1.67  |2.90  |

|  0   |  1   |  2   |  3   |
|0.03  |1.00  |2.00  |3.00  |

ant-1.5.csv
Smote & Bagging 0.5630619210141377
Smote 0.5019990248659197
Bagging 0.56305216967333
Normal 0.5019990248659197
|  0   |  1   |  2   |
|0.06  |0.79  |1.67  |

|  0   |  1   |  2   |
|0.03  |1.00  |2.00  |

|  0   |  1   |  2   |
|0.07  |0.77  |1.70  |

|  0   |  1   |  2   |
|0.03  |1.00  |2.00  |

ant-1.6.csv
Smote & Bagging 0.760463891985631
Smote 0.7370711012015383
Bagging 0.7593041620215535
Normal 0.7370711012015383
|  0   |  1   |  2   |  3   |  4   |  5   |  6   |  7   |  8   |
|0.21  |0.72  |1.13  |1.59  |2.00  |6.20  |2.10  |5.20  |7.30  |

|  0   |  1   |  2   |  3   |  4   |  5   |  6   |  7   |  8   |
|0.12  |0.72  |1.23  |1.94  |3.00  |5.00  |3.00  |6.00  |8.00  |

|  0   |  1   |  2   |  3   |  4   |  5   |  6   |  7   |  8   |
|0.22  |0.71  |1.14  |1.66  |2.00  |6.00  |2.20  |5.20  |7.80  |

|  0   |  1   |  2   |  3   |  4   |  5   |  6   |  7   |  8   |
|0.12  |0.72  |1.23  |1.94  |3.00  |5.00  |3.00  |6.00  |8.00  |

ant-1.7.csv
Smote & Bagging 0.7795834160676713
Smote 0.7501528930542819
Bagging 0.7808947222111904
Normal 0.7501528930542819
|  0   |  1   |  2   |  3   |  4   |  5   |  6   |  7   |  8   |  9   |
|0.13  |0.72  |1.07  |2.00  |2.19  |2.18  |3.13  |6.00  |4.00  |6.00  |

|  0   |  1   |  2   |  3   |  4   |  5   |  6   |  7   |  8   |  9   |
|0.08  |0.80  |1.30  |2.19  |2.60  |2.50  |3.25  |6.00  |5.00  |5.00  |

|  0   |  1   |  2   |  3   |  4   |  5   |  6   |  7   |  8   |  9   |
|0.13  |0.70  |1.10  |2.00  |2.25  |2.20  |3.15  |6.00  |4.00  |5.80  |

|  0   |  1   |  2   |  3   |  4   |  5   |  6   |  7   |  8   |  9   |
|0.08  |0.80  |1.30  |2.19  |2.60  |2.50  |3.25  |6.00  |5.00  |5.00  |

ivy-1.1.csv
Smote & Bagging 0.7512276224722584
Smote 0.7512276224722584
Bagging 0.7512276224722584
Normal 0.7512276224722584
|  0   |  1   |  2   |  3   |  4   |  5   |  6   |  7   |  8   |  9   | 10   | 11   |
|0.77  |0.86  |1.50  |1.37  |2.43  |1.50  |4.33  |3.50  |6.00  |10.00 |11.00 |13.00 |

|  0   |  1   |  2   |  3   |  4   |  5   |  6   |  7   |  8   |  9   | 10   | 11   |
|0.77  |0.86  |1.50  |1.37  |2.43  |1.50  |4.33  |3.50  |6.00  |10.00 |11.00 |13.00 |

|  0   |  1   |  2   |  3   |  4   |  5   |  6   |  7   |  8   |  9   | 10   | 11   |
|0.77  |0.86  |1.50  |1.37  |2.43  |1.50  |4.33  |3.50  |6.00  |10.00 |11.00 |13.00 |

|  0   |  1   |  2   |  3   |  4   |  5   |  6   |  7   |  8   |  9   | 10   | 11   |
|0.77  |0.86  |1.50  |1.37  |2.43  |1.50  |4.33  |3.50  |6.00  |10.00 |11.00 |13.00 |

ivy-1.4.csv
Smote & Bagging 0.41288612263716046
Smote 0.5029967727063178
Bagging 0.41242508068234257
Normal 0.5029967727063178
|  0   |  1   |  2   |
|0.05  |1.00  |6.40  |

|  0   |  1   |  2   |
|0.00  |1.00  |3.00  |

|  0   |  1   |  2   |
|0.05  |1.01  |6.50  |

|  0   |  1   |  2   |
|0.00  |1.00  |3.00  |

ivy-2.0.csv
Smote & Bagging 0.6623427353896103
Smote 0.6257102272727273
Bagging 0.6678267045454543
Normal 0.6257102272727273
|  0   |  1   |  2   |  3   |
|0.07  |0.85  |1.37  |1.50  |

|  0   |  1   |  2   |  3   |
|0.03  |0.93  |1.63  |2.25  |

|  0   |  1   |  2   |  3   |
|0.07  |0.84  |1.32  |1.57  |

|  0   |  1   |  2   |  3   |
|0.03  |0.93  |1.63  |2.25  |

jedit-3.2.csv
Smote & Bagging 0.8422158915922384
Smote 0.8415556667693254
Bagging 0.841785686787804
Normal 0.8415556667693254
|  0   |  1   |  2   |  3   |  4   |  5   |  6   |  7   |  8   |  9   | 10   | 11   | 12   | 13   | 14   | 15   |
|0.75  |0.89  |1.53  |1.81  |2.26  |3.49  |2.90  |2.70  |1.60  |4.00  |7.90  |15.00 |10.00 |4.60  |1.90  |10.80 |

|  0   |  1   |  2   |  3   |  4   |  5   |  6   |  7   |  8   |  9   | 10   | 11   | 12   | 13   | 14   | 15   |
|0.74  |0.94  |1.47  |2.12  |2.20  |3.29  |3.25  |3.00  |2.00  |4.50  |8.00  |15.00 |10.00 |5.00  |2.00  |13.00 |

|  0   |  1   |  2   |  3   |  4   |  5   |  6   |  7   |  8   |  9   | 10   | 11   | 12   | 13   | 14   | 15   |
|0.75  |0.93  |1.53  |1.85  |2.27  |3.47  |2.85  |2.90  |1.80  |4.05  |7.50  |15.00 |9.60  |3.90  |1.60  |10.50 |

|  0   |  1   |  2   |  3   |  4   |  5   |  6   |  7   |  8   |  9   | 10   | 11   | 12   | 13   | 14   | 15   |
|0.74  |0.94  |1.47  |2.12  |2.20  |3.29  |3.25  |3.00  |2.00  |4.50  |8.00  |15.00 |10.00 |5.00  |2.00  |13.00 |

jedit-4.0.csv
Smote & Bagging 0.795757418011451
Smote 0.8125831453525356
Bagging 0.7931748510613675
Normal 0.8125831453525356
|  0   |  1   |  2   |  3   |  4   |  5   |  6   |  7   |  8   |  9   | 10   | 11   | 12   |
|0.37  |0.75  |1.31  |1.84  |2.30  |2.00  |4.00  |5.00  |7.00  |6.20  |3.40  |0.00  |5.60  |

|  0   |  1   |  2   |  3   |  4   |  5   |  6   |  7   |  8   |  9   | 10   | 11   | 12   |
|0.27  |0.94  |1.50  |1.89  |3.00  |2.00  |4.50  |6.00  |7.00  |6.00  |3.00  |1.00  |5.00  |

|  0   |  1   |  2   |  3   |  4   |  5   |  6   |  7   |  8   |  9   | 10   | 11   | 12   |
|0.38  |0.78  |1.34  |1.84  |2.23  |2.10  |4.05  |5.10  |6.85  |6.50  |3.60  |0.40  |6.20  |

|  0   |  1   |  2   |  3   |  4   |  5   |  6   |  7   |  8   |  9   | 10   | 11   | 12   |
|0.27  |0.94  |1.50  |1.89  |3.00  |2.00  |4.50  |6.00  |7.00  |6.00  |3.00  |1.00  |5.00  |

jedit-4.1.csv
Smote & Bagging 0.7972379770766898
Smote 0.8032317145220398
Bagging 0.7846803733900538
Normal 0.8032317145220398
|  0   |  1   |  2   |  3   |  4   |  5   |  6   |  7   |  8   |  9   | 10   | 11   | 12   |
|0.27  |0.82  |1.34  |1.76  |2.01  |3.33  |2.00  |5.00  |3.50  |9.00  |2.50  |3.60  |7.00  |

|  0   |  1   |  2   |  3   |  4   |  5   |  6   |  7   |  8   |  9   | 10   | 11   | 12   |
|0.15  |0.84  |1.43  |1.80  |2.29  |3.33  |2.00  |5.50  |3.00  |9.00  |3.00  |4.00  |6.00  |

|  0   |  1   |  2   |  3   |  4   |  5   |  6   |  7   |  8   |  9   | 10   | 11   | 12   |
|0.28  |0.83  |1.31  |1.76  |2.09  |3.30  |2.20  |5.30  |3.20  |9.00  |2.30  |3.50  |6.90  |

|  0   |  1   |  2   |  3   |  4   |  5   |  6   |  7   |  8   |  9   | 10   | 11   | 12   |
|0.15  |0.84  |1.43  |1.80  |2.29  |3.33  |2.00  |5.50  |3.00  |9.00  |3.00  |4.00  |6.00  |

jedit-4.2.csv
Smote & Bagging 0.8229114184360704
Smote 0.7525577091152132
Bagging 0.8318081332579295
Normal 0.7525577091152132
|  0   |  1   |  2   |  3   |  4   |  5   |  6   |  7   |  8   |
|0.19  |0.74  |1.50  |1.60  |2.00  |6.20  |2.00  |3.10  |7.00  |

|  0   |  1   |  2   |  3   |  4   |  5   |  6   |  7   |  8   |
|0.03  |0.93  |1.78  |2.00  |3.00  |5.00  |3.00  |1.00  |7.00  |

|  0   |  1   |  2   |  3   |  4   |  5   |  6   |  7   |  8   |
|0.19  |0.78  |1.43  |1.54  |2.15  |6.25  |2.00  |3.20  |7.00  |

|  0   |  1   |  2   |  3   |  4   |  5   |  6   |  7   |  8   |
|0.03  |0.93  |1.78  |2.00  |3.00  |5.00  |3.00  |1.00  |7.00  |

jedit-4.3.csv
Smote & Bagging 0.6449864498645004
Smote 0.6383807588075923
Bagging 0.64473238482385
Normal 0.6383807588075923
|  0   |  1   |  2   |
|0.07  |0.90  |2.00  |

|  0   |  1   |  2   |
|0.00  |1.00  |2.00  |

|  0   |  1   |  2   |
|0.06  |0.90  |2.00  |

|  0   |  1   |  2   |
|0.00  |1.00  |2.00  |

synapse-1.0.csv
Smote & Bagging 0.560873521383076
Smote 0.5417045799211413
Bagging 0.6322717622080682
Normal 0.5417045799211413
|  0   |  1   |  2   |  3   |
|0.14  |0.87  |2.00  |4.00  |

|  0   |  1   |  2   |  3   |
|0.03  |0.85  |2.00  |4.00  |

|  0   |  1   |  2   |  3   |
|0.13  |0.88  |2.00  |3.50  |

|  0   |  1   |  2   |  3   |
|0.03  |0.85  |2.00  |4.00  |

synapse-1.1.csv
Smote & Bagging 0.6869141869141882
Smote 0.6867776867776865
Bagging 0.6839976339976352
Normal 0.6867776867776865
|  0   |  1   |  2   |  3   |  4   |  5   |  6   |
|0.21  |0.75  |0.97  |1.86  |2.00  |5.00  |5.00  |

|  0   |  1   |  2   |  3   |  4   |  5   |  6   |
|0.10  |0.83  |1.33  |2.00  |1.50  |5.00  |6.00  |

|  0   |  1   |  2   |  3   |  4   |  5   |  6   |
|0.20  |0.75  |1.06  |1.84  |1.95  |5.00  |5.00  |

|  0   |  1   |  2   |  3   |  4   |  5   |  6   |
|0.10  |0.83  |1.33  |2.00  |1.50  |5.00  |6.00  |

synapse-1.2.csv
Smote & Bagging 0.6965059267241385
Smote 0.6685614224137939
Bagging 0.6836961206896551
Normal 0.6685614224137939
|  0   |  1   |  2   |  3   |  4   |  5   |  6   |
|0.16  |0.67  |1.36  |1.78  |3.75  |4.00  |7.00  |

|  0   |  1   |  2   |  3   |  4   |  5   |  6   |
|0.10  |0.75  |1.45  |1.67  |3.75  |4.00  |8.00  |

|  0   |  1   |  2   |  3   |  4   |  5   |  6   |
|0.17  |0.69  |1.36  |1.68  |3.75  |4.00  |7.30  |

|  0   |  1   |  2   |  3   |  4   |  5   |  6   |
|0.10  |0.75  |1.45  |1.67  |3.75  |4.00  |8.00  |
