lucene-2.0.csv
Smote & Bagging 0.741079219288175
Smote 0.7409682357443559
Bagging 0.7378740910830468
Normal 0.7409682357443559
|  0   |  1   |  2   |  3   |  4   |  5   |  6   |  7   |  8   |  9   | 10   | 11   | 12   |
|0.47  |1.13  |1.23  |2.00  |2.25  |3.00  |5.50  |2.00  |7.00  |2.00  |9.00  |8.00  |13.00 |

|  0   |  1   |  2   |  3   |  4   |  5   |  6   |  7   |  8   |  9   | 10   | 11   | 12   |
|0.46  |1.15  |1.26  |2.00  |2.25  |3.25  |5.50  |2.00  |7.00  |2.50  |9.00  |8.00  |13.00 |

|  0   |  1   |  2   |  3   |  4   |  5   |  6   |  7   |  8   |  9   | 10   | 11   | 12   |
|0.47  |1.12  |1.24  |2.02  |2.28  |3.12  |5.55  |2.00  |7.00  |2.40  |9.00  |8.00  |13.00 |

|  0   |  1   |  2   |  3   |  4   |  5   |  6   |  7   |  8   |  9   | 10   | 11   | 12   |
|0.46  |1.15  |1.26  |2.00  |2.25  |3.25  |5.50  |2.00  |7.00  |2.50  |9.00  |8.00  |13.00 |

lucene-2.2.csv
Smote & Bagging 0.693109585558098
Smote 0.693109585558098
Bagging 0.693109585558098
Normal 0.693109585558098
|  0   |  1   |  2   |  3   |  4   |  5   |  6   |  7   |  8   |  9   | 10   |
|0.92  |1.02  |1.32  |1.84  |2.60  |2.00  |5.50  |17.50 |3.00  |7.33  |36.00 |

|  0   |  1   |  2   |  3   |  4   |  5   |  6   |  7   |  8   |  9   | 10   |
|0.92  |1.02  |1.32  |1.84  |2.60  |2.00  |5.50  |17.50 |3.00  |7.33  |36.00 |

|  0   |  1   |  2   |  3   |  4   |  5   |  6   |  7   |  8   |  9   | 10   |
|0.92  |1.02  |1.32  |1.84  |2.60  |2.00  |5.50  |17.50 |3.00  |7.33  |36.00 |

|  0   |  1   |  2   |  3   |  4   |  5   |  6   |  7   |  8   |  9   | 10   |
|0.92  |1.02  |1.32  |1.84  |2.60  |2.00  |5.50  |17.50 |3.00  |7.33  |36.00 |

lucene-2.4.csv
Smote & Bagging 0.7030900967982132
Smote 0.7030900967982132
Bagging 0.7030900967982132
Normal 0.7030900967982132
|  0   |  1   |  2   |  3   |  4   |  5   |  6   |  7   |  8   |  9   | 10   | 11   | 12   | 13   | 14   |
|0.55  |0.74  |1.30  |1.88  |2.00  |2.81  |3.57  |4.20  |2.50  |3.50  |4.00  |11.00 |4.00  |10.00 |4.00  |

|  0   |  1   |  2   |  3   |  4   |  5   |  6   |  7   |  8   |  9   | 10   | 11   | 12   | 13   | 14   |
|0.55  |0.74  |1.30  |1.88  |2.00  |2.81  |3.57  |4.20  |2.50  |3.50  |4.00  |11.00 |4.00  |10.00 |4.00  |

|  0   |  1   |  2   |  3   |  4   |  5   |  6   |  7   |  8   |  9   | 10   | 11   | 12   | 13   | 14   |
|0.55  |0.74  |1.30  |1.88  |2.00  |2.81  |3.57  |4.20  |2.50  |3.50  |4.00  |11.00 |4.00  |10.00 |4.00  |

|  0   |  1   |  2   |  3   |  4   |  5   |  6   |  7   |  8   |  9   | 10   | 11   | 12   | 13   | 14   |
|0.55  |0.74  |1.30  |1.88  |2.00  |2.81  |3.57  |4.20  |2.50  |3.50  |4.00  |11.00 |4.00  |10.00 |4.00  |

velocity-1.4.csv
Smote & Bagging 0.587779397473275
Smote 0.587779397473275
Bagging 0.587779397473275
Normal 0.587779397473275
|  0   |  1   |  2   |  3   |  4   |  5   |
|0.51  |0.36  |1.10  |1.78  |2.33  |6.00  |

|  0   |  1   |  2   |  3   |  4   |  5   |
|0.51  |0.36  |1.10  |1.78  |2.33  |6.00  |

|  0   |  1   |  2   |  3   |  4   |  5   |
|0.51  |0.36  |1.10  |1.78  |2.33  |6.00  |

|  0   |  1   |  2   |  3   |  4   |  5   |
|0.51  |0.36  |1.10  |1.78  |2.33  |6.00  |

velocity-1.5.csv
Smote & Bagging 0.6349210830956908
Smote 0.6349210830956908
Bagging 0.6349210830956908
Normal 0.6349210830956908
|  0   |  1   |  2   |  3   |  4   |  5   |  6   |  7   |  8   |  9   | 10   |
|0.44  |0.74  |0.97  |1.33  |2.25  |6.00  |3.00  |4.67  |4.00  |5.00  |36.00 |

|  0   |  1   |  2   |  3   |  4   |  5   |  6   |  7   |  8   |  9   | 10   |
|0.44  |0.74  |0.97  |1.33  |2.25  |6.00  |3.00  |4.67  |4.00  |5.00  |36.00 |

|  0   |  1   |  2   |  3   |  4   |  5   |  6   |  7   |  8   |  9   | 10   |
|0.44  |0.74  |0.97  |1.33  |2.25  |6.00  |3.00  |4.67  |4.00  |5.00  |36.00 |

|  0   |  1   |  2   |  3   |  4   |  5   |  6   |  7   |  8   |  9   | 10   |
|0.44  |0.74  |0.97  |1.33  |2.25  |6.00  |3.00  |4.67  |4.00  |5.00  |36.00 |

velocity-1.6.csv
Smote & Bagging 0.6728085497586758
Smote 0.6515973339462187
Bagging 0.6702872902780965
Normal 0.6515973339462187
|  0   |  1   |  2   |  3   |  4   |  5   |  6   |  7   |  8   |  9   | 10   | 11   |
|0.40  |0.87  |1.43  |1.52  |3.00  |3.87  |2.67  |4.00  |3.70  |33.60 |21.60 |9.00  |

|  0   |  1   |  2   |  3   |  4   |  5   |  6   |  7   |  8   |  9   | 10   | 11   |
|0.28  |1.03  |1.56  |1.83  |3.00  |4.67  |2.67  |5.00  |4.00  |28.00 |20.00 |10.00 |

|  0   |  1   |  2   |  3   |  4   |  5   |  6   |  7   |  8   |  9   | 10   | 11   |
|0.42  |0.84  |1.46  |1.48  |2.90  |3.93  |2.60  |4.00  |3.60  |32.40 |23.50 |9.00  |

|  0   |  1   |  2   |  3   |  4   |  5   |  6   |  7   |  8   |  9   | 10   | 11   |
|0.28  |1.03  |1.56  |1.83  |3.00  |4.67  |2.67  |5.00  |4.00  |28.00 |20.00 |10.00 |